15581:
1786736
15582:
554807
1530342
1052739
1860535
1324811
809073
2327119
1310963
1590515
895804
1816975
1876410
2084638
657140
66605
1003642
1803042
558574
2477016
21197
1333674
1857750
1911520
2388766
1997517
218028
1367059
128904
2306158
540280
1377763
1134418
134770
71362
2635949
1988327
1400139
1771703
883496
364184
2217564
171624
381773
1857375
254016
1742119
2132291
767615
1704404
2138014
795940
1333989
1438558
522744
2413843
2315661
313296
1250446
1897092
284910
406553
351121
524105
2215479
72296
1729403
534323
1122074
2644650
568753
2187566
1608350
832642
2580632
631747
1195250
666292
2294315
2026756
715226
423532
1919714
1417631
1491486
1203110
213296
1862349
124621
2339722
1910928
2537511
2351516
954602
680398
1320297
72376
1421554
175054
1830414
566188
582728
562306
1171375
2615161
2093016
1618140
1509944
883825
559094
1588790
2268601
1921454
1471834
1933023
2501605
2160526
737121
496975
1283529
1750423
2152475
1745819
570812
2602250
934436
715051
599332
2552425
1698902
2150641
1656687
721316
456933
1425011
1436447
1972439
1407742
796441
